1000	100	0,3	0,05	13,66911340	12763
1000	100	0,3	0,05	9,34796550	12790
1000	100	0,3	0,05	9,24805070	12985
1000	100	0,3	0,05	9,09738950	13083
1000	100	0,3	0,05	10,39870070	12001
1000	100	0,3	0,1	9,82428430	12759
1000	100	0,3	0,1	9,17389830	12818
1000	100	0,3	0,1	10,57552740	12647
1000	100	0,3	0,1	9,63546480	12530
1000	100	0,3	0,1	9,22351460	13144
1000	100	0,3	0,15	9,43186380	12801
1000	100	0,3	0,15	9,32857590	12456
1000	100	0,3	0,15	9,51973750	12857
1000	100	0,3	0,15	9,23535750	11859
1000	100	0,3	0,15	10,80657240	13345
1000	100	0,6	0,05	16,98025810	9965
1000	100	0,6	0,05	16,38888410	10595
1000	100	0,6	0,05	15,04508910	10836
1000	100	0,6	0,05	13,96334060	10543
1000	100	0,6	0,05	13,96636910	10161
1000	100	0,6	0,1	15,18726890	10097
1000	100	0,6	0,1	16,19570030	10799
1000	100	0,6	0,1	17,50648660	10741
1000	100	0,6	0,1	16,59522880	10330
1000	100	0,6	0,1	14,93723820	10125
1000	100	0,6	0,15	16,69819280	10606
1000	100	0,6	0,15	18,46429680	10313
1000	100	0,6	0,15	17,00811310	10327
1000	100	0,6	0,15	14,77356760	10516
1000	100	0,6	0,15	15,13468530	10224
1000	100	0,8	0,05	19,54562430	10084
1000	100	0,8	0,05	21,57991410	9645
1000	100	0,8	0,05	17,73663650	9346
1000	100	0,8	0,05	20,39537190	9739
1000	100	0,8	0,05	20,76461000	9064
1000	100	0,8	0,1	19,16209970	9517
1000	100	0,8	0,1	18,73669360	9383
1000	100	0,8	0,1	18,61553010	9685
1000	100	0,8	0,1	17,62808990	9700
1000	100	0,8	0,1	17,91240640	9373
1000	100	0,8	0,15	23,38307800	9442
1000	100	0,8	0,15	24,36908770	10037
1000	100	0,8	0,15	19,75134200	9873
1000	100	0,8	0,15	19,56101250	9298
1000	100	0,8	0,15	17,91891070	9077
1000	500	0,3	0,05	10,07747700	19109
1000	500	0,3	0,05	10,56945680	19030
1000	500	0,3	0,05	10,67658000	19205
1000	500	0,3	0,05	10,06429000	19195
1000	500	0,3	0,05	9,51427990	19477
1000	500	0,3	0,1	10,42741410	18741
1000	500	0,3	0,1	11,52493930	18848
1000	500	0,3	0,1	9,78039560	18904
1000	500	0,3	0,1	11,43383600	19306
1000	500	0,3	0,1	10,22186340	18235
1000	500	0,3	0,15	11,88098670	18990
1000	500	0,3	0,15	12,87896550	19663
1000	500	0,3	0,15	10,84236460	18763
1000	500	0,3	0,15	12,40243590	19466
1000	500	0,3	0,15	9,47542200	19298
1000	500	0,6	0,05	16,40986890	16396
1000	500	0,6	0,05	14,40545530	16517
1000	500	0,6	0,05	15,06954870	17283
1000	500	0,6	0,05	14,49732990	17675
1000	500	0,6	0,05	15,15512640	17120
1000	500	0,6	0,1	14,90219610	16559
1000	500	0,6	0,1	16,69270470	16529
1000	500	0,6	0,1	14,87099690	17315
1000	500	0,6	0,1	15,18654210	16203
1000	500	0,6	0,1	16,56245060	17170
1000	500	0,6	0,15	14,69156000	16643
1000	500	0,6	0,15	16,10699660	17124
1000	500	0,6	0,15	15,66341780	17094
1000	500	0,6	0,15	17,07602070	15923
1000	500	0,6	0,15	18,92029720	16160
1000	500	0,8	0,05	19,20456270	15298
1000	500	0,8	0,05	19,46109360	14903
1000	500	0,8	0,05	19,09961430	15434
1000	500	0,8	0,05	20,10608290	15277
1000	500	0,8	0,05	18,54053730	15969
1000	500	0,8	0,1	19,93898690	14830
1000	500	0,8	0,1	21,09636890	15012
1000	500	0,8	0,1	18,87809600	16524
1000	500	0,8	0,1	18,49368490	16211
1000	500	0,8	0,1	21,19113250	16036
1000	500	0,8	0,15	21,81823680	15555
1000	500	0,8	0,15	18,54932450	15647
1000	500	0,8	0,15	19,04471510	15515
1000	500	0,8	0,15	19,90424680	15487
1000	500	0,8	0,15	21,12075450	15743
1000	1000	0,3	0,05	10,96380660	20906
1000	1000	0,3	0,05	10,37878500	20594
1000	1000	0,3	0,05	11,49872200	20162
1000	1000	0,3	0,05	13,50392580	20467
1000	1000	0,3	0,05	11,86010550	19910
1000	1000	0,3	0,1	12,62797180	20776
1000	1000	0,3	0,1	12,85536160	20849
1000	1000	0,3	0,1	10,39122840	20989
1000	1000	0,3	0,1	12,48383010	20317
1000	1000	0,3	0,1	11,74716380	20447
1000	1000	0,3	0,15	14,47291530	20873
1000	1000	0,3	0,15	12,88815700	20783
1000	1000	0,3	0,15	10,66902950	20313
1000	1000	0,3	0,15	11,79521490	20241
1000	1000	0,3	0,15	11,55463510	20196
1000	1000	0,6	0,05	18,09615160	18565
1000	1000	0,6	0,05	18,89976820	18997
1000	1000	0,6	0,05	16,20368670	18920
1000	1000	0,6	0,05	18,51943620	19015
1000	1000	0,6	0,05	16,96247740	18694
1000	1000	0,6	0,1	16,63389540	19094
1000	1000	0,6	0,1	16,60658870	19132
1000	1000	0,6	0,1	16,04874760	18940
1000	1000	0,6	0,1	17,70922730	19596
1000	1000	0,6	0,1	20,78292820	19331
1000	1000	0,6	0,15	15,63000350	18751
1000	1000	0,6	0,15	16,43736260	19013
1000	1000	0,6	0,15	15,93949130	19205
1000	1000	0,6	0,15	16,35514020	19124
1000	1000	0,6	0,15	17,83482370	19275
1000	1000	0,8	0,05	19,13753780	17866
1000	1000	0,8	0,05	20,85573640	18361
1000	1000	0,8	0,05	20,04195130	17718
1000	1000	0,8	0,05	20,12113250	18524
1000	1000	0,8	0,05	21,36006380	18291
1000	1000	0,8	0,1	18,50131860	17794
1000	1000	0,8	0,1	23,21589930	17961
1000	1000	0,8	0,1	24,42607710	17731
1000	1000	0,8	0,1	20,84421700	18019
1000	1000	0,8	0,1	21,46260370	17772
1000	1000	0,8	0,15	22,95478850	18095
1000	1000	0,8	0,15	20,17705480	18351
1000	1000	0,8	0,15	22,52603500	18518
1000	1000	0,8	0,15	22,76593240	18128
1000	1000	0,8	0,15	20,26018490	17637
100	100	0,3	0,05	1,10717680	21224
100	100	0,3	0,05	0,97889500	20918
100	100	0,3	0,05	1,17272620	21296
100	100	0,3	0,05	1,01289060	21713
100	100	0,3	0,05	0,94954610	20714
100	100	0,3	0,1	1,01441170	21179
100	100	0,3	0,1	1,10070290	20463
100	100	0,3	0,1	0,95986910	21407
100	100	0,3	0,1	0,94027730	21019
100	100	0,3	0,1	0,96001620	20582
100	100	0,3	0,15	0,99126250	21624
100	100	0,3	0,15	0,95358510	21131
100	100	0,3	0,15	0,95771130	20496
100	100	0,3	0,15	0,96649500	21064
100	100	0,3	0,15	1,00138700	21655
100	100	0,6	0,05	1,46145210	19509
100	100	0,6	0,05	1,63184700	19362
100	100	0,6	0,05	1,86601740	19019
100	100	0,6	0,05	2,02512340	19022
100	100	0,6	0,05	1,90596920	18921
100	100	0,6	0,1	1,47554650	18920
100	100	0,6	0,1	1,56909790	19686
100	100	0,6	0,1	1,56608730	19453
100	100	0,6	0,1	1,58426500	18795
100	100	0,6	0,1	1,57115280	19557
100	100	0,6	0,15	1,52162270	19410
100	100	0,6	0,15	1,48334270	20012
100	100	0,6	0,15	1,73808780	19410
100	100	0,6	0,15	1,48288510	19562
100	100	0,6	0,15	1,52406970	19506
100	100	0,8	0,05	2,46143630	18384
100	100	0,8	0,05	2,31269740	18365
100	100	0,8	0,05	2,29942940	18572
100	100	0,8	0,05	2,37925090	19274
100	100	0,8	0,05	2,38710810	18820
100	100	0,8	0,1	2,33107170	19398
100	100	0,8	0,1	1,78283600	19405
100	100	0,8	0,1	1,78789050	19529
100	100	0,8	0,1	1,95005870	18156
100	100	0,8	0,1	1,81571340	18782
100	100	0,8	0,15	1,90192730	18315
100	100	0,8	0,15	2,12547690	17696
100	100	0,8	0,15	2,24642830	18468
100	100	0,8	0,15	1,83589560	18590
100	100	0,8	0,15	1,81292270	19022
100	500	0,3	0,05	1,28292960	22616
100	500	0,3	0,05	1,52609700	22622
100	500	0,3	0,05	1,50441160	23111
100	500	0,3	0,05	1,53717630	23102
100	500	0,3	0,05	1,38183080	23238
100	500	0,3	0,1	1,15409060	22810
100	500	0,3	0,1	1,14099660	22908
100	500	0,3	0,1	1,12414890	22911
100	500	0,3	0,1	1,13697810	23427
100	500	0,3	0,1	1,21132780	22996
100	500	0,3	0,15	1,63580020	23071
100	500	0,3	0,15	1,31084810	23050
100	500	0,3	0,15	1,13912610	22527
100	500	0,3	0,15	1,19801390	22569
100	500	0,3	0,15	1,22742830	23300
100	500	0,6	0,05	1,72140720	22231
100	500	0,6	0,05	1,66122840	22316
100	500	0,6	0,05	1,84520140	22311
100	500	0,6	0,05	1,85400460	21866
100	500	0,6	0,05	1,77947130	22472
100	500	0,6	0,1	1,83901900	22342
100	500	0,6	0,1	2,12119310	21630
100	500	0,6	0,1	1,95490370	22273
100	500	0,6	0,1	1,72666760	22062
100	500	0,6	0,1	2,28715290	22225
100	500	0,6	0,15	2,28158590	21510
100	500	0,6	0,15	2,19863820	22126
100	500	0,6	0,15	1,99474200	22069
100	500	0,6	0,15	2,05460890	21798
100	500	0,6	0,15	2,32006270	22298
100	500	0,8	0,05	2,82281870	21921
100	500	0,8	0,05	2,89123130	21926
100	500	0,8	0,05	2,67092120	21558
100	500	0,8	0,05	2,79318900	21621
100	500	0,8	0,05	2,74055580	21601
100	500	0,8	0,1	2,73125910	21905
100	500	0,8	0,1	2,37606050	22251
100	500	0,8	0,1	2,73374850	21555
100	500	0,8	0,1	2,78475360	22008
100	500	0,8	0,1	2,23328810	21892
100	500	0,8	0,15	2,14680010	21970
100	500	0,8	0,15	2,13931690	21918
100	500	0,8	0,15	2,71905440	22147
100	500	0,8	0,15	2,33870650	22101
100	500	0,8	0,15	3,56457490	21850
100	1000	0,3	0,05	2,13510350	23320
100	1000	0,3	0,05	2,24193950	23496
100	1000	0,3	0,05	1,84301800	23253
100	1000	0,3	0,05	2,05473190	23418
100	1000	0,3	0,05	2,11068750	23299
100	1000	0,3	0,1	1,92130640	23501
100	1000	0,3	0,1	1,88118140	23430
100	1000	0,3	0,1	1,99042670	23407
100	1000	0,3	0,1	2,25606920	23513
100	1000	0,3	0,1	1,80034610	22944
100	1000	0,3	0,15	1,74463690	23201
100	1000	0,3	0,15	1,52614790	23308
100	1000	0,3	0,15	1,57517270	23418
100	1000	0,3	0,15	1,60231330	23415
100	1000	0,3	0,15	1,56635780	23630
100	1000	0,6	0,05	1,94764070	22889
100	1000	0,6	0,05	2,46402370	22684
100	1000	0,6	0,05	2,66925380	22757
100	1000	0,6	0,05	3,24333330	22513
100	1000	0,6	0,05	3,41544680	22811
100	1000	0,6	0,1	2,06002660	21832
100	1000	0,6	0,1	2,05239280	22648
100	1000	0,6	0,1	1,88595660	22809
100	1000	0,6	0,1	1,88691950	23137
100	1000	0,6	0,1	1,87763590	22625
100	1000	0,6	0,15	2,03558760	23012
100	1000	0,6	0,15	2,30484260	22357
100	1000	0,6	0,15	1,92865670	22875
100	1000	0,6	0,15	1,89604180	22706
100	1000	0,6	0,15	1,87303520	22545
100	1000	0,8	0,05	2,61056250	22170
100	1000	0,8	0,05	3,03851830	22707
100	1000	0,8	0,05	2,42825000	22905
100	1000	0,8	0,05	2,58339080	22233
100	1000	0,8	0,05	2,47052670	21865
100	1000	0,8	0,1	2,59504090	22532
100	1000	0,8	0,1	2,65643720	22376
100	1000	0,8	0,1	2,70833370	22765
100	1000	0,8	0,1	2,19971300	22597
100	1000	0,8	0,1	2,33394510	22561
100	1000	0,8	0,15	2,40229230	22370
100	1000	0,8	0,15	2,48102880	22657
100	1000	0,8	0,15	2,71015830	22585
100	1000	0,8	0,15	2,46610950	22377
100	1000	0,8	0,15	2,58266280	22581
500	100	0,3	0,05	4,62902090	15061
500	100	0,3	0,05	5,38900250	14486
500	100	0,3	0,05	5,07757700	15449
500	100	0,3	0,05	5,87158990	15153
500	100	0,3	0,05	5,82309640	16232
500	100	0,3	0,1	5,00887100	15178
500	100	0,3	0,1	4,47081630	15909
500	100	0,3	0,1	4,54618240	15474
500	100	0,3	0,1	4,58489110	16497
500	100	0,3	0,1	5,34984040	14763
500	100	0,3	0,15	4,71265420	15085
500	100	0,3	0,15	5,18297750	16112
500	100	0,3	0,15	5,36810750	15737
500	100	0,3	0,15	4,98315860	16136
500	100	0,3	0,15	4,65256330	15293
500	100	0,6	0,05	8,12105470	13015
500	100	0,6	0,05	7,19314650	12327
500	100	0,6	0,05	8,46485610	13189
500	100	0,6	0,05	7,64206180	12838
500	100	0,6	0,05	7,60534030	12767
500	100	0,6	0,1	7,28373320	12206
500	100	0,6	0,1	7,49789730	13143
500	100	0,6	0,1	8,61841650	13310
500	100	0,6	0,1	8,92861510	12434
500	100	0,6	0,1	8,28568980	12302
500	100	0,6	0,15	9,20061460	12798
500	100	0,6	0,15	7,19474030	13403
500	100	0,6	0,15	8,28619980	12626
500	100	0,6	0,15	7,19607440	13348
500	100	0,6	0,15	7,78250190	13103
500	100	0,8	0,05	11,23491010	12499
500	100	0,8	0,05	11,27390150	11271
500	100	0,8	0,05	9,19687470	11893
500	100	0,8	0,05	9,48943740	11867
500	100	0,8	0,05	9,01666480	11769
500	100	0,8	0,1	9,19265930	11564
500	100	0,8	0,1	11,20743300	11476
500	100	0,8	0,1	10,83884190	12063
500	100	0,8	0,1	10,24539710	11430
500	100	0,8	0,1	9,47686400	11499
500	100	0,8	0,15	10,28265070	11891
500	100	0,8	0,15	10,46174950	11835
500	100	0,8	0,15	9,15604110	12922
500	100	0,8	0,15	9,24707330	11844
500	100	0,8	0,15	10,45806330	11969
500	500	0,3	0,05	6,03992170	20556
500	500	0,3	0,05	5,73662980	20772
500	500	0,3	0,05	5,34095570	21035
500	500	0,3	0,05	4,79965740	20517
500	500	0,3	0,05	5,44993180	20932
500	500	0,3	0,1	5,61380060	20749
500	500	0,3	0,1	5,81481710	20685
500	500	0,3	0,1	5,09490740	20529
500	500	0,3	0,1	4,91696890	20539
500	500	0,3	0,1	6,61544510	20471
500	500	0,3	0,15	4,93157190	20043
500	500	0,3	0,15	6,12792840	20510
500	500	0,3	0,15	5,04682880	20588
500	500	0,3	0,15	4,86278870	20741
500	500	0,3	0,15	5,59861420	20446
500	500	0,6	0,05	7,93952220	18900
500	500	0,6	0,05	7,92332520	19104
500	500	0,6	0,05	7,63169680	19200
500	500	0,6	0,05	8,04584460	19423
500	500	0,6	0,05	8,15425240	19514
500	500	0,6	0,1	8,43823970	19246
500	500	0,6	0,1	7,83046460	19266
500	500	0,6	0,1	7,96165860	18229
500	500	0,6	0,1	7,42434650	18815
500	500	0,6	0,1	7,18325990	18440
500	500	0,6	0,15	8,05896610	19316
500	500	0,6	0,15	9,41824490	19346
500	500	0,6	0,15	8,68216020	19163
500	500	0,6	0,15	8,59778980	19297
500	500	0,6	0,15	8,67506930	18622
500	500	0,8	0,05	9,78801150	18509
500	500	0,8	0,05	8,73970320	18568
500	500	0,8	0,05	9,49594720	18060
500	500	0,8	0,05	9,17639730	18359
500	500	0,8	0,05	9,11138400	18416
500	500	0,8	0,1	9,89959280	18104
500	500	0,8	0,1	9,56861070	17664
500	500	0,8	0,1	9,58338440	17475
500	500	0,8	0,1	9,90610140	18554
500	500	0,8	0,1	10,20853060	17994
500	500	0,8	0,15	8,91906780	17746
500	500	0,8	0,15	9,59921880	18593
500	500	0,8	0,15	9,27064310	17973
500	500	0,8	0,15	9,83677670	18523
500	500	0,8	0,15	11,89635490	17873
500	1000	0,3	0,05	5,87098460	21533
500	1000	0,3	0,05	5,45868980	21370
500	1000	0,3	0,05	6,29699050	21911
500	1000	0,3	0,05	5,53110430	21719
500	1000	0,3	0,05	5,30256770	21679
500	1000	0,3	0,1	6,06315550	20991
500	1000	0,3	0,1	5,84811120	21773
500	1000	0,3	0,1	6,18887330	21930
500	1000	0,3	0,1	5,71940550	21939
500	1000	0,3	0,1	5,85809510	21220
500	1000	0,3	0,15	5,27472020	21673
500	1000	0,3	0,15	5,30225100	21615
500	1000	0,3	0,15	6,49466530	21797
500	1000	0,3	0,15	5,01840250	21989
500	1000	0,3	0,15	7,29110980	21403
500	1000	0,6	0,05	8,46926490	20872
500	1000	0,6	0,05	8,63498420	20831
500	1000	0,6	0,05	9,16312620	20886
500	1000	0,6	0,05	7,40632680	20378
500	1000	0,6	0,05	7,52965670	20428
500	1000	0,6	0,1	7,44803340	20653
500	1000	0,6	0,1	7,57245070	20459
500	1000	0,6	0,1	7,46124440	20919
500	1000	0,6	0,1	7,39765250	20327
500	1000	0,6	0,1	7,66511860	20731
500	1000	0,6	0,15	8,51289450	20391
500	1000	0,6	0,15	8,57455770	21158
500	1000	0,6	0,15	8,16226560	20675
500	1000	0,6	0,15	7,41776060	20768
500	1000	0,6	0,15	8,06305060	20876
500	1000	0,8	0,05	10,62192260	19995
500	1000	0,8	0,05	9,93910060	20032
500	1000	0,8	0,05	9,71807920	19940
500	1000	0,8	0,05	11,22158810	20253
500	1000	0,8	0,05	10,11066090	20131
500	1000	0,8	0,1	9,50622720	20066
500	1000	0,8	0,1	9,09331980	19829
500	1000	0,8	0,1	10,30772880	19839
500	1000	0,8	0,1	10,34762980	20275
500	1000	0,8	0,1	10,21564690	20219
500	1000	0,8	0,15	9,76892530	20007
500	1000	0,8	0,15	9,19848900	19545
500	1000	0,8	0,15	10,17997540	19930
500	1000	0,8	0,15	11,68546700	19713
500	1000	0,8	0,15	12,73843070	20143
50	20000	0,6	0,15	10,66958180	23053
500	20000	0,6	0,15	20,57174580	23123
10000	50	0,6	0,15	155,96867520	6860
